55154
55155
55157
55160
55161
55162
55163
55166
55167
55169
55170
55173
55174
55175
55177
55183
55184
55185
55187
55188
55189
55193
55196
55197
55198
55199
55201
55203
55204
55205
55208
55209
55210
55212
55213
55214
55215
55216
55217
55218
55219
55221
55222
55223
55225
55228
55229
55230
55231
55232
55235
55238
55239
55240
55244
55249
55250
55251
55254
55257
55259
55260
55261
55262
55263
55264
55266
55267
55268
55269
55271
55272
55273
55274
55275
55277
55278
55280
55281
55283
55285
55288
55289
55290
55291
55293
55294
55295
55296
55297
55300
55301
55303
55302
55307
55308
55311
55312
55314
55315
55316
55317
55318
55322
55324
55325
55326
55331
55332
55335
55337
55338
55339
55341
55342
55344
55345
55346
55347
55348
55349
55351
55350
55352
55355
55358
55359
55360
55363
55366
55367
55368
55370
55371
55372
55375
55378
55379
55381
55382
55383
55385
55386
55389
55392
55393
55399
55400
55401
55403
55405
55407
55408
55409
55410
55412
55416
55418
55420
55422
55424
55429
55430
55431
55432
55433
55435
55439
55440
55441
55447
55449
55446
55450
55451
55453
55454
55455
55457
55458
55460
55461
55462
55463
55464
55466
55467
55468
55469
55471
55475
55476
55477
55480
55482
55485
55486
55487
55488
55489
55491
55494
55496
55497
55499
55501
55505
55506
55508
55507
55510
55511
55513
55512
55517
55518
55519
55523
55526
55527
55528
55529
55530
55532
55533
55538
55544
55539
55541
55542
55543
55545
55547
55549
55550
55552
55554
55555
55556
55559
55560
55561
55562
55563
55564
55565
55568
55569
55573
55574
55576
55577
55579
55580
55583
55584
55585
55586
55587
55588
55589
55591
55592
55593
55594
55596
55595
55599
55600
55601
55602
55603
55604
55625
55626
55628
55629
55631
55633
55634
55636
55637
55638
55639
55640
55641
55642
55643
55644
55645
55646
55647
55648
55649
55650
55651
55653
55656
55657
55654
55658
55660
55661
55662
55663
55665
55666
55668
55669
55671
55672
55673
55674
55676
55677
55678
55679
55680
55681
55682
55683
55685
55686
55689
55694
55691
55696
55697
55698
55699
55700
55703
55704
55706
55707
55709
55710
55711
55712
55713
55714
55715
55717
55718
55719
55720
55721
55723
55724
55725
55726
55729
55730
55731
55733
55734
55736
55737
55738
55740
55743
55744
55745
55746
55747
55748
55749
55750
55751
55752
55753
55762
55755
55756
55757
55758
55760
55764
55766
55768
55769
55765
55771
55772
55773
55774
55775
55776
55781
55777
55778
55779
55780
55783
55784
55785
55786
55787
55788
55789
55790
55792
55795
55794
55796
55798
55800
55801
55802
55803
55804
55806
55809
55810
55811
55812
55813
55814
55815
55816
55817
55818
54374
54375
54383
54386
54391
54414
54419
54424
54465
54473
54480
54501
54522
54532
54540
54541
54547
54573
54577
54587
54591
54592
54596
54609
54634
54652
54689
54693
54694
54716
54744
54754
54795
54810
54814
54830
54840
54853
54859
54869
54876
54907
54940
54976
54980
55000
55012
55037
55046
55067
55095
55097
55113
55133
55140
55147
55148
55149
55152
55153
55156
55158
55164
55172
55178
55179
55180
55182
55190
55191
55192
55194
55202
55206
55207
55211
55224
55236
55242
55243
55245
55246
55248
55252
55255
55270
55298
55304
55305
55306
55309
55310
55313
55319
55320
55321
55323
55333
55334
55340
55343
55353
55354
55361
55365
55374
55376
55377
55380
55394
55395
55396
55404
55406
55413
55414
55417
55421
55425
55427
55428
55434
55437
55443
55444
55473
55478
55500
55502
55503
55504
55509
55520
55522
55524
55531
55540
55567
55570
55572
55578
55590
55597
55627
55635
55652
55655
55659
55667
55670
55693
55695
55701
55739
55742
55759
55770
55819
55820
55821
55822
55825
55826
55827
55831
55828
55834
55835
55837
55838
55841
55843
55845
