55154
55155
55157
55160
55161
55162
55163
55166
55167
55169
55170
55173
55174
55175
55177
55183
55184
55185
55187
55188
55189
55193
55196
55197
55198
55199
55201
55203
55204
55205
55208
55209
55210
55212
55213
55214
55215
55216
55217
55218
55219
55221
55222
55223
55225
55228
55229
55230
55231
55232
55235
55238
55239
55240
55244
55249
55250
55251
55254
55257
55259
55260
55261
55262
55263
55264
55266
55267
55268
55269
55271
55272
55273
55274
55275
55277
55278
55280
55281
55283
55285
55288
55289
55290
55291
55293
55294
55295
55296
55297
55300
55301
55303
55302
55307
55308
55311
55312
55314
55315
55316
55317
55318
55322
55324
55325
55326
55331
55332
55335
55337
55338
55339
55341
55342
55344
55345
55346
55347
55348
55349
55351
55350
55352
55355
55358
55359
55360
55363
55366
55367
55368
55370
55371
55372
55375
55378
55379
55381
55382
55383
55385
55386
55389
55392
55393
55399
55400
55401
55403
55405
55407
55408
55409
55410
55412
55416
55418
55420
55422
55424
55429
55430
55431
55432
55433
55435
55439
55440
55441
55447
55449
55446
55450
55451
55453
55454
55455
55457
55458
55460
55461
55462
55463
55464
55466
55467
55468
55469
55471
55475
55476
55477
55480
55482
55485
55486
55487
55488
55489
